0 0.118 0.537 0.112 0.517
0 0.125 0.305 0.085 0.143
0 0.168 0.399 0.105 0.279
0 0.223 0.643 0.204 0.679
0 0.258 0.303 0.066 0.154
0 0.335 0.535 0.13 0.597
0 0.328 0.226 0.039 0.062
0 0.357 0.288 0.042 0.094
0 0.431 0.364 0.077 0.272
0 0.427 0.255 0.083 0.157
0 0.669 0.673 0.279 0.654
0 0.618 0.454 0.139 0.42
0 0.619 0.3 0.11 0.177
0 0.697 0.295 0.103 0.202
0 0.707 0.214 0.06 0.126
0 0.801 0.329 0.088 0.264
0 0.894 0.312 0.074 0.312
0 0.98 0.258 0.04 0.299
0 0.941 0.273 0.059 0.292
0 0.787 0.146 0.027 0.079
0 0.728 0.154 0.033 0.069
0 0.874 0.128 0.039 0.057
0 0.842 0.194 0.054 0.19